-0.0117411 0.88303
-0.0117304 0.900195
-0.0117404 0.917546
-0.0117298 0.934711
-0.0117399 0.95206
-0.0302958 0.883027
-0.0302681 0.900191
-0.0302939 0.917542
-0.0302665 0.934706
-0.0302925 0.952056
-0.0488398 0.883023
-0.0487952 0.900186
-0.0488368 0.917539
-0.0487925 0.934701
-0.0488345 0.952053
-0.0673679 0.88302
-0.0673065 0.900182
-0.0673638 0.917536
-0.0673028 0.934697
-0.0673606 0.95205
-0.0858752 0.883017
-0.085797 0.900177
-0.08587 0.917533
-0.0857923 0.934692
-0.0858659 0.952047
-0.103813 0.706509
-0.103722 0.723679
-0.103814 0.74102
-0.103724 0.758191
-0.103817 0.775532
-0.10383 -2.60765
-0.103736 -2.59048
-0.103824 -2.57313
-0.10373 -2.55596
-0.103819 -2.53862
-0.121188 0.706502
-0.121083 0.72367
-0.12119 0.741014
-0.121085 0.758182
-0.121193 0.775526
-0.121208 -2.60766
-0.121098 -2.59049
-0.121201 -2.57314
-0.121091 -2.55597
-0.121195 -2.53863
-0.138545 0.706496
-0.138424 0.723661
-0.138546 0.741008
-0.138427 0.758173
-0.13855 0.77552
-0.138567 -2.60766
-0.138442 -2.5905
-0.138559 -2.57315
-0.138434 -2.55598
-0.138552 -2.53863
-0.155883 0.70649
-0.155747 0.723652
-0.155885 0.741001
-0.15575 0.758165
-0.155889 0.775514
-0.155908 -2.60767
-0.155767 -2.59051
-0.155899 -2.57315
-0.155759 -2.55599
-0.155891 -2.53864
-0.173203 0.706483
-0.173052 0.723643
-0.173205 0.740995
-0.173056 0.758156
-0.173209 0.775507
-0.173231 -2.60768
-0.173074 -2.59052
-0.17322 -2.57316
-0.173065 -2.556
-0.173212 -2.53865
-0.190404 0.0945351
-0.190574 0.111876
-0.190413 0.12905
-0.190584 0.146391
-0.190424 0.163566
-0.207768 0.0945265
-0.207953 0.11187
-0.207778 0.129041
-0.207964 0.146385
-0.20779 0.163558
-0.225114 0.0945179
-0.225314 0.111864
-0.225124 0.129033
-0.225326 0.146379
-0.225138 0.163549
-0.242442 0.0945094
-0.242657 0.111858
-0.242453 0.129024
-0.242669 0.146374
-0.242468 0.163541
-0.259752 0.0945008
-0.259982 0.111852
-0.259764 0.129016
-0.259995 0.146368
-0.25978 0.163533
-0.277367 0.184797
-0.27712 0.201969
-0.277351 0.219314
-0.277106 0.236485
-0.277338 0.253828
-0.294752 0.184791
-0.29449 0.201961
-0.294734 0.219307
-0.294475 0.236477
-0.29472 0.253822
-0.312118 0.184784
-0.311842 0.201952
-0.312099 0.219301
-0.311825 0.236468
-0.312085 0.253816
-0.329466 0.184778
-0.329176 0.201943
-0.329446 0.219295
-0.329159 0.236459
-0.329431 0.25381
-0.346797 0.184772
-0.346493 0.201935
-0.346777 0.219289
-0.346475 0.236451
-0.346761 0.253804
-0.433667 -1.9481
-0.712539 -0.776359
-0.713068 -0.759021
-0.712523 -0.741844
-0.713057 -0.724507
-0.712517 -0.707331
-0.729699 -0.776365
-0.730237 -0.759025
-0.729684 -0.74185
-0.730226 -0.724511
-0.729677 -0.707336
-0.746839 -0.776371
-0.747386 -0.759029
-0.746823 -0.741856
-0.747374 -0.724515
-0.746816 -0.707342
-0.76396 -0.776376
-0.764515 -0.759033
-0.763943 -0.741862
-0.764503 -0.724519
-0.763936 -0.707348
-0.781064 -0.776382
-0.781628 -0.759037
-0.781047 -0.741867
-0.781616 -0.724523
-0.78104 -0.707353
-0.889134 2.01612
-0.889748 2.03345
-0.889116 2.05063
-0.889735 2.06797
-0.889108 2.08515
-0.906279 2.01611
-0.9069 2.03345
-0.906261 2.05063
-0.906887 2.06796
-0.906253 2.08514
-0.923402 2.01611
-0.924029 2.03345
-0.923383 2.05062
-0.924016 2.06796
-0.923375 2.08514
-0.940503 2.0161
-0.941138 2.03344
-0.940485 2.05062
-0.941124 2.06796
-0.940477 2.08513
-0.957588 2.0161
-0.958229 2.03344
-0.957569 2.05061
-0.958215 2.06796
-0.95756 2.08513
-1.15208 -1.21175
-1.15133 -1.19457
-1.15203 -1.17723
-1.15129 -1.16005
-1.15199 -1.14272
-1.16924 -1.21176
-1.16849 -1.19457
-1.16919 -1.17724
-1.16844 -1.16005
-1.16915 -1.14272
-1.18637 -1.21176
-1.18562 -1.19458
-1.18632 -1.17724
-1.18557 -1.16006
-1.18628 -1.14272
-1.20348 -1.21176
-1.20273 -1.19458
-1.20343 -1.17724
-1.20268 -1.16006
-1.20339 -1.14272
-1.22057 -1.21176
-1.21981 -1.19458
-1.22052 -1.17724
-1.21977 -1.16006
-1.22048 -1.14273
-1.40888 -3.13362
-1.40811 -3.11643
-1.40889 -3.0991
-1.40812 -3.08191
-1.40891 -3.06458
-1.42607 -3.13362
-1.42529 -3.11643
-1.42608 -3.0991
-1.42531 -3.08192
-1.4261 -3.06459
-1.44322 -3.13362
-1.44244 -3.11643
-1.44323 -3.0991
-1.44246 -3.08192
-1.44325 -3.06459
-1.46034 -3.13362
-1.45956 -3.11643
-1.46035 -3.0991
-1.45958 -3.08192
-1.46037 -3.06459
-1.47744 -3.13362
-1.47665 -3.11644
-1.47745 -3.09911
-1.47667 -3.08192
-1.47747 -3.06459
0.103722 1.75407
0.103814 1.77124
0.103723 1.78859
0.103815 1.80576
0.103726 1.8231
0.121082 1.75408
0.121189 1.77125
0.121083 1.78859
0.121191 1.80576
0.121087 1.82311
0.138424 1.75409
0.138545 1.77126
0.138425 1.7886
0.138548 1.80577
0.138429 1.82312
0.155747 1.7541
0.155884 1.77126
0.155748 1.78861
0.155886 1.80578
0.155752 1.82313
0.173052 1.75411
0.173203 1.77127
0.173054 1.78862
0.173207 1.80578
0.173058 1.82313
0.889757 1.66799
0.889123 1.68533
0.889739 1.70251
0.889111 1.71984
0.889732 1.73702
0.889108 2.80155
0.889735 2.81873
0.889116 2.83607
0.889748 2.85325
0.889134 2.87058
0.90691 1.668
0.906268 1.68533
0.906892 1.70251
0.906255 1.71985
0.906884 1.73703
0.906253 2.80156
0.906887 2.81874
0.906261 2.83607
0.9069 2.85325
0.906279 2.87059
0.924039 1.668
0.92339 1.68534
0.924021 1.70252
0.923377 1.71985
0.924013 1.73703
0.923375 2.80156
0.924016 2.81874
0.923383 2.83608
0.924029 2.85325
0.923402 2.87059
0.941148 1.668
0.940492 1.68534
0.941129 1.70252
0.940479 1.71986
0.941122 1.73703
0.940477 2.80157
0.941124 2.81874
0.940485 2.83608
0.941138 2.85326
0.940503 2.8706
0.958239 1.66801
0.957576 1.68535
0.95822 1.70252
0.957563 1.71986
0.958212 1.73704
0.95756 2.80157
0.958215 2.81875
0.957569 2.83609
0.958229 2.85326
0.957588 2.8706
0.975373 0.620818
0.974703 0.638152
0.975354 0.655333
0.97469 0.672666
0.975346 0.689847
0.992531 0.620821
0.991855 0.638156
0.992512 0.655336
0.991841 0.67267
0.992503 0.68985
1.00966 0.620824
1.00898 0.63816
1.00964 0.655339
1.00897 0.672674
1.00964 0.689853
1.02678 0.620827
1.02609 0.638164
1.02676 0.655342
1.02607 0.672679
1.02675 0.689856
1.04387 0.62083
1.04317 0.638168
1.04385 0.655344
1.04316 0.672683
1.04384 0.689859
1.0603 -3.13252
1.06099 -3.11534
1.06031 -3.09801
1.061 -3.08083
1.06033 -3.06349
1.07747 -3.13252
1.07817 -3.11534
1.07748 -3.09801
1.07818 -3.08083
1.0775 -3.06349
1.09462 -3.13252
1.09532 -3.11534
1.09462 -3.098
1.09533 -3.08082
1.09464 -3.06349
1.11174 -3.13251
1.11245 -3.11533
1.11175 -3.098
1.11246 -3.08082
1.11177 -3.06348
1.12884 -3.13251
1.12956 -3.11533
1.12885 -3.098
1.12957 -3.08082
1.12887 -3.06348
1.23697 -0.512546
1.23768 -0.495357
1.23692 -0.478027
1.23764 -0.46084
1.23688 -0.443509
1.25412 -0.512543
1.25484 -0.495355
1.25407 -0.478024
1.2548 -0.460838
1.25403 -0.443506
1.27125 -0.51254
1.27197 -0.495353
1.2712 -0.478021
1.27193 -0.460836
1.27116 -0.443504
1.28836 -0.512538
1.28908 -0.495352
1.2883 -0.478018
1.28904 -0.460834
1.28826 -0.443501
1.30544 -0.512535
1.30617 -0.49535
1.30539 -0.478016
1.30612 -0.460832
1.30535 -0.443498
1.40891 2.7153
1.40812 2.73263
1.40889 2.74981
1.40811 2.76714
1.40888 2.78433
1.40893 -0.253718
1.40817 -0.236387
1.40897 -0.219201
1.40822 -0.201869
1.40903 -0.184681
1.4261 2.7153
1.42531 2.73263
1.42608 2.74982
1.42529 2.76714
1.42607 2.78433
1.42612 -0.253716
1.42536 -0.236385
1.42616 -0.219199
1.4254 -0.201867
1.42621 -0.18468
1.44325 2.7153
1.44246 2.73263
1.44323 2.74982
1.44244 2.76715
1.44322 2.78433
1.44327 -0.253715
1.44251 -0.236383
1.44331 -0.219197
1.44255 -0.201864
1.44337 -0.184678
1.46037 2.7153
1.45958 2.73263
1.46035 2.74982
1.45956 2.76715
1.46034 2.78433
1.46039 -0.253713
1.45963 -0.236381
1.46043 -0.219196
1.45967 -0.201862
1.46049 -0.184677
1.47747 2.71531
1.47667 2.73264
1.47745 2.74982
1.47665 2.76715
1.47744 2.78434
1.47749 -0.253712
1.47672 -0.236379
1.47753 -0.219194
1.47677 -0.20186
1.47759 -0.184675
-2.18559 -1.54845
-2.2265 -1.54752
-2.26917 -1.54651
-2.31376 -1.54541
-2.36045 -1.5442
-2.18391 -1.50826
-2.22467 -1.50567
-2.26719 -1.50285
-2.31159 -1.49978
-2.35807 -1.49641
-2.18067 -1.46827
-2.22116 -1.46404
-2.26336 -1.45944
-2.3074 -1.45443
-2.35347 -1.44896
-2.17591 -1.4286
-2.21599 -1.42277
-2.25772 -1.41644
-2.30125 -1.40956
-2.34672 -1.40204
-2.16966 -1.38937
-2.20921 -1.38199
-2.25035 -1.374
-2.2932 -1.36532
-2.3379 -1.35585
2.88336 -0.899812
2.83204 -0.839055
2.88982 -0.784072
2.7801 -0.784261
2.83184 -0.7293
1.81679 0.782433
1.79803 0.801559
1.77928 0.819995
1.76059 0.837766
1.74196 0.854899
1.79742 0.763933
1.77934 0.783037
1.76126 0.801476
1.7432 0.819275
1.72519 0.836456
1.7781 0.746119
1.76069 0.765177
1.74325 0.783597
1.72581 0.8014
1.7084 0.818605
1.75888 0.728964
1.7421 0.747956
1.72528 0.766335
1.70844 0.78412
1.6916 0.801328
1.73976 0.71244
1.72359 0.731348
1.70736 0.749668
1.6911 0.767416
1.67482 0.784608
1.66241 -0.764409
1.67793 -0.747179
1.69341 -0.72942
1.70882 -0.711118
1.72416 -0.69226
1.73821 -0.67171
1.75329 -0.651561
1.76821 -0.63081
1.78293 -0.609447
1.79742 -0.587465
1.64556 -0.748983
1.66056 -0.731808
1.67552 -0.714123
1.69039 -0.695918
1.70517 -0.677179
1.71853 -0.656709
1.73303 -0.636732
1.74736 -0.616183
1.76148 -0.595053
1.77537 -0.573338
1.62878 -0.73405
1.64329 -0.716943
1.65773 -0.699347
1.67209 -0.68125
1.68635 -0.662643
1.69904 -0.642268
1.71299 -0.622474
1.72675 -0.602135
1.7403 -0.581245
1.75362 -0.559801
1.61208 -0.719594
1.62611 -0.702567
1.64007 -0.685069
1.65394 -0.667092
1.66769 -0.648626
1.67974 -0.628362
1.69316 -0.608758
1.70638 -0.588637
1.7194 -0.567992
1.73217 -0.546823
1.59548 -0.705597
1.60905 -0.68866
1.62255 -0.671271
1.63594 -0.653423
1.6492 -0.635107
1.66065 -0.614966
1.67355 -0.59556
1.68627 -0.575661
1.69877 -0.555266
1.71103 -0.534373
1.51964 -0.766357
1.53283 -0.751598
1.54598 -0.736458
1.5591 -0.72093
1.57216 -0.705006
1.5836 -0.687713
1.59651 -0.670842
1.60932 -0.653545
1.62202 -0.635816
1.63458 -0.617647
1.50519 -0.7532
1.518 -0.738482
1.53078 -0.723395
1.54351 -0.707934
1.55618 -0.692091
1.56709 -0.674822
1.57959 -0.658063
1.59198 -0.640895
1.60425 -0.623312
1.61638 -0.605309
1.55072 -0.662332
1.56281 -0.645692
1.5748 -0.628658
1.58666 -0.611227
1.59838 -0.593395
1.53447 -0.650229
1.54618 -0.633712
1.55778 -0.616818
1.56925 -0.599543
1.58057 -0.581885
1.51836 -0.638496
1.52971 -0.622108
1.54093 -0.605358
1.55203 -0.588244
1.56297 -0.570763
1.50723 -0.622543
1.518 -0.606288
1.52865 -0.589694
1.53915 -0.572758
1.5495 -0.55548
1.49132 -0.611746
1.50176 -0.595629
1.51208 -0.579187
1.52225 -0.562418
1.53226 -0.545321
