-1.47962 1.84029
-1.47917 2.18946
-1.47864 2.29701
-1.47766 2.68094
-1.47805 3.08203
-1.47717 3.13374
-1.47794 -3.13211
-1.47713 -3.11492
-1.4779 -3.09758
-1.4771 -3.0804
-1.47787 -3.06306
-1.47642 -1.65102
-1.47723 -1.6337
-1.47646 -1.61652
-1.46084 -3.1321
-1.46004 -3.11492
-1.46081 -3.09758
-1.46001 -3.08039
-1.46078 -3.06306
-1.46336 0.77403
-1.46383 1.30022
-1.44372 -3.1321
-1.44292 -3.11491
-1.44369 -3.09758
-1.44289 -3.08039
-1.44366 -3.06306
-1.44231 -1.58202
-1.42657 -3.1321
-1.42577 -3.11491
-1.42654 -3.09758
-1.42574 -3.08039
-1.42651 -3.06306
-1.42591 -1.5992
-1.40939 -3.1321
-1.4086 -3.11491
-1.40936 -3.09758
-1.40856 -3.08039
-1.40933 -3.06306
-1.40798 -1.58201
-1.39523 1.50805
-1.3401 -3.01133
-1.32464 -0.166331
-1.32387 -0.149124
-1.32464 -0.131774
-1.32388 -0.114568
-1.32464 -0.0972176
-1.30597 -2.69689
-1.30673 -2.67954
-1.30597 -2.66235
-1.30673 -2.64501
-1.30598 -2.62782
-1.28889 -2.69688
-1.28964 -2.67954
-1.28889 -2.66235
-1.28965 -2.64501
-1.2889 -2.62782
-1.28824 -1.16096
-1.27179 -2.69688
-1.27254 -2.67954
-1.27179 -2.66235
-1.27254 -2.64501
-1.2718 -2.62782
-1.2205 2.92271
-1.22051 -1.21263
-1.21976 -1.19545
-1.22049 -1.17812
-1.21974 -1.16095
-1.22047 -1.14361
-1.20343 -1.21263
-1.20268 -1.19545
-1.2034 -1.17812
-1.20266 -1.16094
-1.20339 -1.14361
-1.18632 -1.21263
-1.18558 -1.19545
-1.18629 -1.17812
-1.18556 -1.16094
-1.18628 -1.14361
-1.16919 -1.21262
-1.16845 -1.19544
-1.16916 -1.17811
-1.16843 -1.16094
-1.16915 -1.14361
-1.15437 2.13769
-1.15203 -1.21262
-1.1513 -1.19544
-1.15201 -1.17811
-1.15128 -1.16093
-1.15199 -1.1436
-1.09593 3.11663
-1.07754 -1.16092
-1.01094 -0.342724
-0.993819 2.29711
-0.977903 1.56001
-0.961168 1.61551
-0.959954 2.01656
-0.960591 2.03394
-0.959922 2.05116
-0.960564 2.06854
-0.959899 2.08576
-0.959128 2.97854
-0.958432 2.99572
-0.959044 3.01308
-0.958354 3.03026
-0.958971 3.04761
-0.961114 0.704925
-0.960478 0.722143
-0.961154 0.739525
-0.960522 0.756745
-0.961202 0.774128
-0.960575 0.791348
-0.961259 0.808732
-0.960636 0.825955
-0.961324 0.84334
-0.960705 0.860564
-0.942857 2.01656
-0.943488 2.03394
-0.942826 2.05116
-0.94346 2.06854
-0.942803 2.08576
-0.942037 2.97854
-0.941349 2.99573
-0.941954 3.01308
-0.941272 3.03026
-0.941882 3.04761
-0.944018 0.704928
-0.943389 0.722148
-0.944057 0.739528
-0.943432 0.756749
-0.944105 0.774131
-0.943484 0.791353
-0.944161 0.808735
-0.943545 0.825959
-0.944226 0.843343
-0.943613 0.860568
-0.925742 2.01657
-0.926366 2.03395
-0.925711 2.05117
-0.926339 2.06855
-0.925688 2.08577
-0.924928 2.97855
-0.924248 2.99573
-0.924847 3.01308
-0.924171 3.03027
-0.924776 3.04761
-0.926903 0.704931
-0.926281 0.722152
-0.926943 0.739531
-0.926324 0.756754
-0.92699 0.774134
-0.926375 0.791357
-0.927045 0.808739
-0.926435 0.825963
-0.927109 0.843346
-0.926503 0.860573
-0.908606 2.01657
-0.909223 2.03395
-0.908575 2.05117
-0.909196 2.06855
-0.908553 2.08577
-0.907799 2.97855
-0.907126 2.99574
-0.907719 3.01309
-0.90705 3.03027
-0.907648 3.04762
-0.909768 0.704935
-0.909152 0.722157
-0.909807 0.739535
-0.909195 0.756758
-0.909854 0.774137
-0.909246 0.791362
-0.909909 0.808742
-0.909305 0.825968
-0.909972 0.843349
-0.909372 0.860577
-0.891447 2.01657
-0.892057 2.03395
-0.891416 2.05118
-0.89203 2.06855
-0.891394 2.08578
-0.891322 0.11024
-0.890647 2.97855
-0.889981 2.99574
-0.890567 3.01309
-0.889907 3.03028
-0.890497 3.04762
-0.892609 0.704938
-0.892 0.722161
-0.892647 0.739538
-0.892043 0.756763
-0.892694 0.77414
-0.892093 0.791366
-0.892748 0.808745
-0.892151 0.825972
-0.892811 0.843352
-0.892218 0.860582
-0.858481 0.950657
-0.838694 2.71561
-0.783811 2.06859
-0.781357 -2.27894
-0.78158 -0.778038
-0.782163 -0.760694
-0.781601 -0.743521
-0.782188 -0.726177
-0.781631 -0.709003
-0.764481 -0.778033
-0.765055 -0.76069
-0.764502 -0.743516
-0.765081 -0.726173
-0.764531 -0.708998
-0.747366 -0.778027
-0.747931 -0.760687
-0.747386 -0.74351
-0.747955 -0.72617
-0.747415 -0.708992
-0.749836 1.10639
-0.730231 -0.778022
-0.730787 -0.760683
-0.730251 -0.743505
-0.730812 -0.726166
-0.73028 -0.708987
-0.714181 2.66392
-0.713076 -0.778016
-0.713623 -0.760679
-0.713095 -0.743499
-0.713646 -0.726162
-0.713123 -0.708981
-0.661903 3.0994
-0.661947 -0.6054
-0.610021 -1.5604
-0.609525 -1.54327
-0.609984 -1.52595
-0.609492 -1.50882
-0.609955 -1.49151
-0.595294 1.93024
-0.592961 -1.5604
-0.592476 -1.54326
-0.592924 -1.52595
-0.592443 -1.50882
-0.592897 -1.49151
-0.595971 0.950741
-0.575885 -1.56039
-0.575411 -1.54325
-0.575849 -1.52594
-0.575379 -1.50881
-0.575822 -1.4915
-0.558791 -1.56039
-0.558328 -1.54325
-0.558756 -1.52594
-0.558297 -1.5088
-0.55873 -1.4915
-0.541678 -1.56038
-0.541226 -1.54324
-0.541644 -1.52593
-0.541196 -1.5088
-0.541618 -1.49149
-0.525249 2.71571
-0.525654 2.73307
-0.525214 2.75024
-0.525623 2.7676
-0.525186 2.78477
-0.525086 -2.25806
-0.52501 -2.18902
-0.524878 -1.0399
-0.508038 2.71572
-0.508432 2.73307
-0.508004 2.75025
-0.508401 2.76761
-0.507976 2.78478
-0.490809 2.71572
-0.491192 2.73308
-0.490776 2.75026
-0.491162 2.76761
-0.490749 2.78479
-0.492039 1.3177
-0.473561 2.71573
-0.473933 2.73309
-0.473529 2.75026
-0.473904 2.76762
-0.473504 2.7848
-0.456294 2.71574
-0.456654 2.73309
-0.456263 2.75027
-0.456626 2.76762
-0.456238 2.7848
-0.435304 2.28009
-0.433955 -1.94741
-0.41796 2.03412
-0.416844 2.95746
-0.401167 1.58109
-0.400553 2.2801
-0.36483 3.08233
-0.364481 -2.15445
-0.348651 0.183088
-0.348355 0.200279
-0.34865 0.217659
-0.348356 0.23485
-0.348653 0.25223
-0.331304 0.183094
-0.331022 0.200287
-0.331303 0.217665
-0.331022 0.234858
-0.331306 0.252236
-0.329703 -1.21236
-0.31394 0.1831
-0.313671 0.200296
-0.313938 0.217671
-0.313671 0.234867
-0.313941 0.252241
-0.296556 0.183106
-0.296301 0.200304
-0.296555 0.217677
-0.296302 0.234875
-0.296558 0.252247
-0.294977 -1.42251
-0.279154 0.183112
-0.278913 0.200313
-0.279153 0.217683
-0.278914 0.234884
-0.279155 0.252253
-0.260783 0.09308
-0.26102 0.110456
-0.260807 0.127647
-0.261046 0.145024
-0.260835 0.162217
-0.243452 0.0930883
-0.243673 0.110462
-0.243474 0.127655
-0.243698 0.145029
-0.2435 0.162225
-0.242938 -1.87483
-0.226102 0.0930967
-0.226309 0.110467
-0.226123 0.127663
-0.226331 0.145035
-0.226147 0.162233
-0.227282 0.860796
-0.208734 0.093105
-0.208926 0.110473
-0.208754 0.127671
-0.208946 0.145041
-0.208776 0.162241
-0.191348 0.0931134
-0.191524 0.110479
-0.191366 0.12768
-0.191543 0.145047
-0.191209 -3.09721
-0.191386 0.16225
-0.190863 -1.80582
-0.173692 -2.60651
-0.173532 -2.58935
-0.173675 -2.57199
-0.173515 -2.55483
-0.17366 -2.53747
-0.174971 0.494335
-0.175203 0.705197
-0.175054 0.722401
-0.175212 0.739795
-0.175065 0.757001
-0.175224 0.774396
-0.156367 -2.60651
-0.156222 -2.58934
-0.156351 -2.57198
-0.156208 -2.55482
-0.156338 -2.53747
-0.157846 0.705203
-0.157712 0.722409
-0.157854 0.739801
-0.157721 0.757009
-0.157865 0.774402
-0.139024 -2.6065
-0.138895 -2.58933
-0.13901 -2.57198
-0.138882 -2.55481
-0.138998 -2.53746
-0.14047 0.705209
-0.14035 0.722418
-0.140477 0.739807
-0.140358 0.757018
-0.140487 0.774408
-0.121662 -2.60649
-0.121549 -2.58932
-0.12165 -2.57197
-0.121538 -2.5548
-0.121639 -2.53745
-0.121859 -0.691418
-0.123075 0.705215
-0.12297 0.722427
-0.123081 0.739813
-0.122977 0.757027
-0.123089 0.774414
-0.104383 3.0651
-0.104281 -2.60649
-0.104184 -2.58931
-0.104271 -2.57196
-0.104174 -2.55479
-0.104262 -2.53745
-0.105426 0.390619
-0.10566 0.705221
-0.10557 0.722436
-0.105666 0.73982
-0.105576 0.757035
-0.105673 0.77442
-0.0875026 0.881714
-0.0874246 0.898925
-0.087501 0.916329
-0.0874234 0.93354
-0.0875003 0.950944
-0.0689447 0.881717
-0.0688831 0.898929
-0.0689434 0.916333
-0.0688822 0.933545
-0.0689429 0.950948
-0.0503652 0.88172
-0.0503202 0.898934
-0.0503643 0.916336
-0.0503196 0.933549
-0.0503639 0.950951
-0.0308902 -2.97643
-0.0317693 0.881724
-0.0317409 0.898938
-0.0317688 0.916339
-0.0317405 0.933554
-0.0317685 0.950954
-0.0123549 3.06512
-0.0121218 -1.89209
-0.0131622 0.881727
-0.0131504 0.898943
-0.0131619 0.916342
-0.0131502 0.933558
-0.0131618 0.950957
-1.49469 -2.97029
1.50997 -3.08577
-1.50789 -3.12663
1.52958 -3.0847
-1.52958 -2.94411
1.54958 -3.08359
0.0671908 -0.760364
1.56999 -3.08244
1.59082 -3.08124
0.103732 1.75516
0.103822 1.77241
0.103729 1.78982
0.10382 1.80706
0.103727 1.82448
0.103375 2.69975
0.102943 -2.71283
0.103655 -1.38861
0.103889 -1.12559
1.5766 -2.86368
0.121167 1.75517
0.121272 1.77241
0.121163 1.78983
0.121269 1.80707
0.121161 1.82449
0.120794 -0.497438
1.59694 -2.85798
-1.56516 2.76835
0.138582 1.75518
0.138702 1.77242
0.138578 1.78984
0.138699 1.80708
0.138576 1.8245
0.138156 2.63065
0.138644 -0.918536
1.61768 -2.85206
0.155979 1.75519
0.156114 1.77242
0.155975 1.78985
0.15611 1.80708
0.155972 1.82451
1.63883 -2.84588
0.173358 1.7552
0.173507 1.77243
0.173353 1.78986
0.173503 1.80709
0.17335 1.82452
1.66041 -2.83945
1.60341 2.6834
1.59418 2.66421
0.190644 1.00261
-1.82458 -3.12058
0.294742 -1.0565
0.311708 -0.760268
0.346325 2.80351
-1.95513 -2.9575
1.90757 2.76347
0.363083 -2.78174
0.363379 -2.76457
0.363064 -2.74723
0.363362 -2.73006
0.36305 -2.71272
0.363351 -2.69555
0.36304 -2.67821
0.363344 -2.66104
0.363036 -2.6437
0.363342 -2.62653
0.380476 -2.78173
0.380785 -2.76456
0.380456 -2.74722
0.380767 -2.73005
0.380441 -2.71271
0.380755 -2.69554
0.380431 -2.6782
0.380748 -2.66103
0.380427 -2.64369
0.380746 -2.62653
0.39785 -2.78172
0.398172 -2.76456
0.397829 -2.74721
0.398154 -2.73005
0.397814 -2.7127
0.398141 -2.69554
0.397804 -2.67819
0.398134 -2.66103
0.397799 -2.64369
0.398132 -2.62652
2.00549 2.75474
1.5528 -2.15557
0.415207 -2.78172
0.415541 -2.76455
0.415186 -2.74721
0.415522 -2.73004
0.415169 -2.7127
0.415509 -2.69553
0.415159 -2.67819
0.415502 -2.66102
0.415154 -2.64368
0.4155 -2.62652
-1.73998 -2.31948
1.68187 2.2578
1.5814 -2.15023
0.432548 -2.78171
-1.73865 -2.28419
0.432894 -2.76454
0.432525 -2.7472
0.432874 -2.73003
0.432509 -2.71269
0.432861 -2.69553
0.432498 -2.67818
0.432853 -2.66102
0.432493 -2.64367
0.432851 -2.62651
1.86352 2.40423
1.69691 2.23965
-1.58855 2.16038
-1.57142 2.14844
1.55562 -2.10497
1.57088 -2.11723
0.45706 1.87653
1.58855 -2.12857
1.60642 -2.14032
1.62448 -2.15248
1.64274 -2.16507
-1.94499 -2.46609
-1.96408 -2.49104
-1.98291 -2.51695
-2.00142 -2.54383
0.455377 -0.393737
-2.01955 -2.5717
1.48798 -2.06504
0.456124 1.05473
1.50459 -2.07455
0.456512 1.07195
0.456148 1.08935
0.456538 1.10657
0.456177 1.12397
0.456569 1.14119
0.45621 1.15859
0.456605 1.17582
0.456248 1.19321
0.456645 1.21044
1.5214 -2.08436
1.53841 -2.0945
1.56607 -2.08736
1.58181 -2.09927
1.59987 -2.11042
1.61815 -2.12198
1.63665 -2.13395
1.65536 -2.14637
-1.96944 -2.44627
-1.98949 -2.47145
-2.00932 -2.49765
-2.02886 -2.5249
-2.04803 -2.5532
1.49712 -2.04819
0.473433 1.05474
1.51403 -2.0575
0.473834 1.07196
0.473458 1.08935
0.473861 1.10658
0.473487 1.12397
0.473893 1.1412
0.473522 1.1586
0.47393 1.17582
0.473561 1.19322
0.473971 1.21045
1.53116 -2.06712
1.54851 -2.07707
1.57634 -2.06938
1.59257 -2.08093
1.61102 -2.09188
1.62971 -2.10322
1.64864 -2.11499
1.6678 -2.1272
-1.99409 -2.42545
-2.01519 -2.45085
-2.03608 -2.47732
-2.05671 -2.5049
-2.07699 -2.53362
1.50608 -2.03103
0.490722 1.05474
1.5233 -2.04014
0.491135 1.07196
0.490747 1.08936
0.491163 1.10658
0.490778 1.12398
0.491196 1.1412
0.490813 1.1586
0.491234 1.17583
0.490854 1.19323
0.491277 1.21045
1.54075 -2.04956
1.55842 -2.0593
1.58641 -2.05105
1.60312 -2.06222
1.62196 -2.07293
1.64107 -2.08404
1.66043 -2.09558
1.68005 -2.10757
-2.01893 -2.4036
-2.04112 -2.42916
-2.06315 -2.45587
-2.08494 -2.48376
-2.10641 -2.51288
2.31374 -3.01197
1.51485 -2.01358
0.507992 1.05475
1.53237 -2.02247
0.508417 1.07197
0.508018 1.08937
0.508446 1.10659
0.508049 1.12399
0.50848 1.14121
0.508086 1.15861
0.508519 1.17583
0.508127 1.19324
0.508563 1.21046
1.55014 -2.03167
1.56815 -2.04119
1.59626 -2.03236
1.61345 -2.04312
1.63269 -2.05358
1.65221 -2.06444
1.67201 -2.07573
1.69208 -2.08747
-2.04391 -2.38065
-2.06726 -2.40634
-2.09049 -2.43324
-2.11352 -2.46141
-2.13628 -2.49088
1.52342 -1.99584
0.525244 1.05476
1.54124 -2.0045
0.525681 1.07198
0.525271 1.08938
0.525711 1.10659
0.525303 1.124
0.525746 1.14121
0.525341 1.15862
0.525786 1.17584
0.525384 1.19325
0.525832 1.21046
-1.82588 2.18504
1.55932 -2.01346
1.57766 -2.02274
1.56973 2.01902
0.54191 0.739022
0.575888 -0.0797087
-2.05621 -2.20163
0.593111 -0.81202
0.593126 -0.777507
2.12615 2.19888
0.627937 0.652548
0.644085 0.0757668
0.66248 0.881733
-1.88775 -1.89228
0.696077 -2.1712
2.12002 1.97603
-1.50912 -1.76165
2.86109 2.42077
2.80852 2.3641
-1.84716 -1.81791
0.729499 -1.42287
0.747564 -2.20569
1.52837 1.70024
-1.5018 -1.68168
0.781192 0.110348
0.780951 -2.69541
0.78071 -1.70196
0.780845 -0.479842
0.781795 0.494043
-2.05373 -1.73209
0.804108 -0.570309
0.804053 -0.186441
1.53151 1.65858
-2.10047 -1.62958
1.60354 -1.60055
-1.86094 1.58758
0.892547 1.6687
0.891899 1.68611
0.892509 1.70337
0.891865 1.72078
0.892478 1.73803
0.890244 2.71722
0.889584 2.73457
0.890176 2.75177
0.88952 2.76912
0.890117 2.78632
0.889466 2.80367
0.890068 2.82087
0.889422 2.83822
0.890028 2.85541
0.889387 2.87276
-2.17633 -1.55105
-2.21661 -1.55022
-2.25859 -1.54932
-2.30244 -1.54834
-2.34831 -1.54728
0.889634 0.355876
0.890288 0.373067
0.889696 0.390419
0.890355 0.407612
0.889767 0.424966
0.909739 1.66871
0.909084 1.68612
0.909701 1.70337
0.90905 1.72078
0.90967 1.73804
-1.71639 -1.53423
0.90741 2.71722
0.906742 2.73458
0.907341 2.75178
0.906678 2.76913
0.907282 2.78633
0.906623 2.80368
0.907232 2.82087
0.906578 2.83822
0.907191 2.85542
0.906543 2.87277
0.906968 -1.96409
-2.17478 -1.51145
-2.21492 -1.50901
-2.25676 -1.50636
-2.30043 -1.50348
-2.34611 -1.50033
0.926907 1.66871
0.926245 1.68612
0.926869 1.70338
0.92621 1.72079
0.926837 1.73804
0.924553 2.71723
0.923877 2.73458
0.924483 2.75178
0.923813 2.76913
0.924423 2.78633
0.923757 2.80368
0.924372 2.82088
0.923712 2.83823
0.924331 2.85542
0.923676 2.87277
-2.17171 -1.47205
-2.21159 -1.46801
-2.25314 -1.46364
-2.29648 -1.45888
-2.34177 -1.45369
0.925267 1.0895
0.944054 1.66871
0.943384 1.68613
0.944015 1.70338
0.943349 1.72079
0.943983 1.73804
0.941675 2.71723
0.940992 2.73458
0.941604 2.75178
0.940926 2.76914
0.941543 2.78633
0.940871 2.80369
0.941492 2.82088
0.940825 2.83823
0.941451 2.85542
0.940788 2.87278
0.939804 3.10075
-2.16715 -1.43294
-2.20665 -1.42735
-2.24776 -1.4213
-2.29062 -1.41472
-2.33536 -1.40754
0.961182 1.66872
0.960505 1.68613
0.961143 1.70338
0.96047 1.7208
0.96111 1.73804
0.958778 2.71723
0.958089 2.73459
0.958707 2.75178
0.958023 2.76914
0.958646 2.78633
0.957966 2.80369
0.958594 2.82088
0.95792 2.83824
0.958553 2.85543
0.957883 2.87278
-2.16115 -1.39424
-2.20015 -1.38716
-2.2407 -1.37949
-2.28292 -1.37116
-2.32693 -1.36209
1.70213 1.45762
1.49927 -1.45703
1.83329 -1.4077
2.15054 -1.34331
0.976162 0.61809
0.975527 0.63545
0.976213 0.652655
0.975583 0.670016
0.976274 0.687222
0.993333 0.618093
0.992692 0.635455
0.993385 0.652658
0.992749 0.670021
0.993447 0.687225
2.85588 -0.90351
1.01048 0.618096
1.00983 0.635459
1.01053 0.652661
1.00989 0.670025
1.01059 0.687228
1.02738 2.41986
2.80649 -0.84441
2.86282 -0.791545
1.0276 0.618099
1.02695 0.635463
1.02766 0.652664
1.02701 0.670029
1.02772 0.687231
2.75645 -0.790906
2.80711 -0.737975
1.04471 0.618102
1.04405 0.635467
1.04476 0.652667
1.04411 0.670034
1.04483 0.687234
2.06079 1.2191
1.0589 -3.13061
1.05956 -3.11345
1.05885 -3.09614
1.05953 -3.07898
1.05882 -3.06166
-2.53158 -0.918621
1.07607 -3.13061
1.07674 -3.11345
1.07603 -3.09614
1.0767 -3.07897
1.076 -3.06166
1.09322 -3.13061
1.09389 -3.11345
1.09317 -3.09613
1.09385 -3.07897
1.09314 -3.06166
1.11034 -3.1306
1.11102 -3.11344
1.1103 -3.09613
1.11098 -3.07897
1.11027 -3.06165
-2.51872 0.694503
1.12832 3.06631
1.12744 -3.1306
1.12813 -3.11344
1.1274 -3.09612
1.12809 -3.07897
1.12737 -3.06165
1.12926 -2.86789
1.15206 0.0240315
1.15346 2.36793
1.15186 -0.846373
1.16919 -1.23303
1.18963 1.66877
1.18584 -1.89165
1.2049 1.08956
1.23902 2.43711
1.23677 -0.514262
1.2375 -0.497074
1.23677 -0.479741
1.23751 -0.462554
1.23678 -0.44522
-2.2554 0.460567
-2.2361 0.498151
-2.21587 0.53429
-2.19484 0.568978
-2.17315 0.602223
1.82475 0.9523
1.2575 1.65152
-1.7176 -1.00474
1.25468 -0.987185
1.25393 -0.514259
1.25467 -0.497072
1.25393 -0.479738
1.25467 -0.462552
1.25394 -0.445217
-2.21772 0.442437
-2.19979 0.479006
-2.18094 0.514266
-2.1613 0.548204
-2.14098 0.58082
1.27106 -0.514256
1.27181 -0.49707
1.27106 -0.479735
1.27181 -0.46255
1.27107 -0.445214
-2.18113 0.425593
-2.16443 0.461172
-2.14684 0.495564
-2.12847 0.52875
-2.10942 0.560724
1.28817 -0.514254
1.28892 -0.497068
1.28816 -0.479732
1.28892 -0.462548
1.28818 -0.445211
-2.14558 0.40991
-2.13001 0.444529
-2.11357 0.478069
-2.09635 0.510507
-2.07847 0.541834
1.30525 -0.514251
1.306 -0.497067
1.30525 -0.47973
1.30601 -0.462546
1.30526 -0.445208
1.30622 -0.289925
-2.11106 0.39528
-2.0965 0.42897
-2.0811 0.461676
-2.06495 0.493375
-2.04814 0.524054
1.55993 -0.996211
-1.73886 -0.860592
-1.75741 -0.843708
1.32287 -0.203509
-2.12882 0.200655
-2.12083 0.23712
-2.11165 0.27297
-2.10134 0.308132
-2.08997 0.342543
-2.07746 0.378681
-2.0641 0.411307
-2.04992 0.443057
-2.03502 0.473906
-2.01945 0.503837
1.82003 0.773033
1.80148 0.792311
1.78293 0.810901
1.76441 0.828829
1.74595 0.846118
-1.57262 0.993504
1.57053 0.989985
-2.09279 0.193529
-2.08535 0.228785
-2.07678 0.263488
-2.06716 0.29757
-2.05654 0.330972
-2.04494 0.366128
-2.0324 0.3979
-2.01908 0.428871
-2.00505 0.459015
-1.99038 0.488313
1.80051 0.754755
1.78264 0.773997
1.76476 0.792578
1.74688 0.810521
1.72904 0.827846
-1.57766 0.964354
-1.56088 0.976439
-2.0746 0.00832414
-2.05797 0.186884
-2.05102 0.221006
-2.04302 0.254628
-2.03402 0.287687
-2.02407 0.320129
-2.01332 0.354344
-2.00153 0.385294
-1.98899 0.415511
-1.97576 0.444968
-1.96191 0.473644
1.78107 0.73716
1.76386 0.756343
1.74661 0.774893
1.72935 0.792827
1.71211 0.810166
-2.0243 0.180674
-2.0178 0.213729
-2.0103 0.24633
-2.00187 0.278421
-1.99253 0.309949
-1.98255 0.343263
-1.97145 0.373424
-1.95963 0.402911
-1.94714 0.431699
-1.93405 0.459767
1.76173 0.720219
1.74515 0.739325
1.72852 0.757823
1.71186 0.775728
1.69519 0.79306
-1.9917 0.174857
-1.9856 0.206906
-1.97857 0.238544
-1.97065 0.269716
-1.96188 0.300375
-1.9526 0.332827
-1.94213 0.362229
-1.93097 0.391012
-1.91917 0.41915
-1.90678 0.446623
1.74251 0.703906
1.72653 0.722917
1.71049 0.741344
1.6944 0.759203
1.67829 0.776509
1.40972 2.71732
1.40889 2.73467
1.40963 2.75188
1.40882 2.76922
1.40956 2.78643
1.6555 -0.765918
1.40839 -2.60545
1.67085 -0.748939
1.40912 -2.58825
1.40829 -2.57092
1.40903 -2.55373
1.40821 -2.5364
1.68617 -0.731443
1.70143 -0.713417
1.71662 -0.694849
1.73084 -0.674197
1.74578 -0.654358
1.76056 -0.633931
1.77517 -0.612906
1.78955 -0.591277
1.40915 -0.255371
1.40842 -0.238031
1.40924 -0.220837
1.40852 -0.203494
1.40935 -0.186299
-1.96479 0.134321
1.42691 2.71732
1.42608 2.73467
1.42682 2.75188
1.426 2.76922
1.42675 2.78643
1.63889 -0.750646
1.42558 -2.60545
1.65374 -0.733717
1.42631 -2.58825
1.42548 -2.57092
1.42621 -2.55373
1.42539 -2.5364
1.66855 -0.716292
1.68328 -0.698358
1.69793 -0.679903
1.71146 -0.659327
1.72583 -0.639652
1.74004 -0.619417
1.75406 -0.598615
1.76785 -0.57724
1.4268 0.373184
1.42634 -0.255369
1.42561 -0.238028
1.42643 -0.220835
1.4257 -0.203492
1.42654 -0.186297
1.44407 2.71733
1.44324 2.73467
1.44398 2.75188
1.44316 2.76923
1.44391 2.78643
1.62235 -0.735855
1.44273 -2.60545
1.63672 -0.718991
1.44346 -2.58825
1.44263 -2.57092
1.44337 -2.55373
1.44254 -2.5364
1.65103 -0.701649
1.66526 -0.683817
1.67939 -0.665487
1.69226 -0.645004
1.70609 -0.625502
1.71975 -0.605469
1.73321 -0.584896
1.74644 -0.56378
1.4435 -0.255368
1.44276 -0.238026
1.44359 -0.220833
1.44286 -0.20349
1.4437 -0.186295
1.4612 2.71733
1.46037 2.73467
1.46111 2.75188
1.46029 2.76923
1.46104 2.78643
1.60589 -0.72153
1.6198 -0.704742
1.63363 -0.687493
1.64738 -0.669775
1.66102 -0.651579
1.67325 -0.631203
1.68656 -0.611884
1.69969 -0.592058
1.71263 -0.57172
1.72533 -0.550867
1.46063 -0.255366
1.45988 -0.238024
1.46072 -0.220832
1.45998 -0.203488
1.46082 -0.186294
1.4783 2.71733
1.47747 2.73468
1.47822 2.75188
1.47739 2.76923
1.47814 2.78643
1.47732 2.80378
1.58952 -0.707654
1.60298 -0.690951
1.61636 -0.673806
1.62964 -0.65621
1.6428 -0.638158
1.65443 -0.617901
1.66725 -0.598771
1.67988 -0.579158
1.69231 -0.55906
1.70451 -0.538473
1.47773 -0.255364
1.47698 -0.238022
1.47782 -0.22083
1.47708 -0.203485
1.47793 -0.186292
1.84399 -0.0800274
1.5139 -0.767553
1.52696 -0.752985
1.53999 -0.738046
1.55298 -0.722727
1.56593 -0.707021
1.57751 -0.689613
1.59031 -0.672974
1.60301 -0.655916
1.6156 -0.638435
1.62806 -0.620524
-1.63972 0.612519
-1.62723 0.630748
-1.6146 0.64854
-1.60185 0.6659
-1.589 0.682834
1.49964 -0.754517
1.51233 -0.739988
1.52499 -0.725099
1.53761 -0.709843
1.55017 -0.694214
1.56123 -0.67683
1.57362 -0.660297
1.58591 -0.643362
1.59809 -0.626022
1.61013 -0.608271
-1.62146 0.600262
-1.6094 0.618321
-1.5972 0.635962
-1.58487 0.653189
-1.57244 0.670008
1.54507 -0.664439
1.55707 -0.648019
1.56897 -0.631214
1.58074 -0.614019
1.59238 -0.596432
-1.6034 0.588426
-1.59176 0.606311
-1.57996 0.623796
-1.56804 0.640886
-1.556 0.657583
1.52904 -0.652426
1.54066 -0.636125
1.55218 -0.619454
1.56357 -0.60241
1.57482 -0.584989
-1.58554 0.576994
-1.57429 0.594702
-1.56289 0.612027
-1.55135 0.628973
-1.53969 0.645543
1.51314 -0.640777
1.5244 -0.624599
1.53555 -0.608067
1.54658 -0.591177
1.55746 -0.573927
-1.56789 0.565948
-1.55701 0.583475
-1.54598 0.600637
-1.53482 0.617435
-1.52353 0.633874
1.50187 -0.624678
1.51257 -0.60863
1.52314 -0.592249
1.53357 -0.575533
1.54386 -0.558481
1.59934 -0.445518
1.48617 -0.613954
1.49654 -0.598039
1.50678 -0.581805
1.51689 -0.56525
1.52684 -0.548373
-1.52406 0.105507
-1.50512 -0.0947127

1.35 -0.288
0.81 -1.696
0.81 0.736
-0.75 -2.272
-0.75 -2.208
0.69 -2.272
-0.69 -2.208
0.51 -0.224
.63 -1.056
0.63 -0.992
.69 -1.056
0.69 -0.992